[[10, 14], [4, 18], [19, 20], [19, 20], [13, 20]]

 [10, 14] vs [4, 18]
 True
 [[4, 10], [10, 18]]
 [10, 14] vs [19, 20]
 False
 [[10, 19], [19, 20]]
 [10, 14] vs [19, 20]
 False
 [[10, 19], [19, 20]]
 [10, 14] vs [13, 20]
 True
 [[10, 13], [13, 20]]

 [4, 18] vs [19, 20]
 False
 [[4, 19], [19, 20]]
 [4, 18] vs [19, 20]
 False
 [[4, 19], [19, 20]]
 [4, 18] vs [13, 20]
 True
 [[4, 13], [13, 20]]

 [19, 20] vs [19, 20]
 True
 [[0, 0], [0, 0]]
 [19, 20] vs [13, 20]
 True
 [[13, 19], [19, 20]]

 [19, 20] vs [13, 20]
 True
 [[13, 19], [19, 20]]


0
