[[10, 14], [4, 18], [19, 20], [13, 20]]

 [10, 14] vs [4, 18] [10, 14] vs [19, 20] [10, 14] vs [13, 20]
 [4, 18] vs [19, 20] [4, 18] vs [13, 20]
 [19, 20] vs [13, 20]


 True False True
 False True
 True


 [[4, 10], [10, 18]] [[10, 19], [19, 20]] [[10, 13], [13, 20]]
 [[4, 19], [19, 20]] [[4, 13], [13, 20]]
 [[13, 19], [19, 20]]



      6         8          
  [[4, 10], [10, 18]
            [10, 19], [19, 20]] [[10, 13], [13, 20]]
			
			
[[4, 18] [10, 20] [4, 20] [13, 20] ]
 [4 , 20] 
 
 
                   5
 [1, 3]  [6, 8] [4, 9]

  1, 5 

    4      4
 [1, 4] [4, 9]
 
 [1, 9]