
[[10, 14], [4, 18], [19, 20], [19, 20], [13, 20]]

 [10, 14] vs [4, 18] [10, 14] vs [19, 20] [10, 14] vs [19, 20] [10, 14] vs [13, 20]
 [4, 18] vs [19, 20] [4, 18] vs [19, 20] [4, 18] vs [13, 20]
 [19, 20] vs [19, 20] [19, 20] vs [13, 20]
 [19, 20] vs [13, 20]

0



[[10, 14], [4, 18], [19, 20], [19, 20], [13, 20]]

 True False False True
 False False True
 True True
 True

0


[[10, 14], [4, 18], [19, 20], [19, 20], [13, 20]]

 [[4, 10], [10, 18]] [[10, 19], [19, 20]] [[10, 19], [19, 20]] [[10, 13], [13, 20]]
 [[4, 19], [19, 20]] [[4, 19], [19, 20]] [[4, 13], [13, 20]]
 [[0, 0], [0, 0]] [[13, 19], [19, 20]]
 [[13, 19], [19, 20]]

0
