[
[6, 7, 2, 7, 6]
[6, 3, *-> 1, 4, 7]
[0, 2, 4, 1, 10] 
[8, 1, 1, 4, 9]
[8, 7, 4, 9, 9]
] 

x = 2 
y = 1 
strength = 5 


[6, 7, -1, 7, 6]
[6, -1, -1, -1, 7]
[-1, -1, -1, -1, 10]
[8, -1, -1, -1, 9]
[8, 7, -1, 9, 9]


Output: 
[6, 7, -1, 7, 6]
[6, -1, -1, -1, 7]
[-1, -1, -1, -1, 10]
[8, -1, -1, -1, 9]
[8, 7, -1, 9, 9]


---
[
[6, 7, 2, 7, 6]
[6, 3, *-> 1, 4, 7]
[0, 2, 4, 1, 10] 
[8, 1, 1, 4, 9]
[8, 7, 4, 9, 9]
] 
---

[6, 7, -1, 7, 6]
[6, -1, -1, -1, 7]
[-1, -1, -1, -1, 10]
[8, -1, -1, -1, 9]
[8, 7, -1, 9, 9]
